import numpy as np 

n_states = 6

# action 1 is up
# action 2 is down
# action 3 is right
# action 4 is left   

Pa11 = np.zeros(shape = (n_states,n_states))

Pa11[0][3] = 1.0
Pa11[1][3] = 1.0
Pa11[2][3] = 1.0
Pa11[3][4] = 0.5
Pa11[3][5] = 0.5
Pa11[4][4] = 1.0
Pa11[5][5] = 1.0

Pa21 = np.zeros(shape = (n_states,n_states))

Pa21[0][0] = 1.0
Pa21[1][1] = 1.0
Pa21[2][2] = 1.0
Pa21[3][0] = 1.0/3.0
Pa21[3][1] =  1.0/3.0
Pa21[3][2] =  1.0/3.0
Pa21[4][3] = 1.0
Pa21[5][3] = 1.0

Pa31 = np.zeros(shape = (n_states,n_states))

Pa31[0][1] = 1.0
Pa31[1][2] = 1.0
Pa31[2][2] = 1.0
Pa31[3][3] = 1.0
Pa31[4][4] = 1.0
Pa31[5][4] = 1.0

Pa41 = np.zeros(shape = (n_states,n_states))

Pa41[0][0] = 1.0
Pa41[1][0] = 1.0
Pa41[2][1] = 1.0
Pa41[3][3] = 1.0
Pa41[4][5] = 1.0
Pa41[5][5] = 1.0

sampleMDP1 = [Pa11,Pa21,Pa31,Pa41]




Pa12 = np.array([
        [0.17450356, 0.23063070, 0.09140879, 0.15965038, 0.16726377, 0.17654280],
        [0.21880141, 0.05086728, 0.19830625, 0.26830713, 0.16136689, 0.10235053],
        [0.22667067, 0.06500235, 0.20073538, 0.14525782, 0.27620895, 0.08612483],
        [0.22983631, 0.16930150, 0.20143408, 0.02948996, 0.18296449, 0.18697365],
        [0.19994916, 0.18180141, 0.19479883, 0.06005535, 0.17819130, 0.18520400],
        [0.08233311, 0.17491685, 0.22148033, 0.10214056, 0.28230491, 0.13682423]
    ])

Pa22 = np.array([
    [0.22916615, 0.23347260, 0.17677483, 0.10912436, 0.08410495, 0.16735711],
    [0.14404769, 0.15866721, 0.10156419, 0.22616263, 0.17935163, 0.19020666],
    [0.11637614, 0.10515980, 0.21783612, 0.22287861, 0.12093058, 0.21681875],
    [0.15292588, 0.17284777, 0.19524639, 0.09472642, 0.17304882, 0.21120472],
    [0.22049103, 0.17828885, 0.15461098, 0.13616755, 0.14866654, 0.16177406],
    [0.13696833, 0.21087032, 0.19716790, 0.19985495, 0.13389710, 0.12124139]
])

Pa32 = np.array([
    [0.13427358, 0.19849364, 0.15199673, 0.12576411, 0.18415667, 0.20531527],
    [0.12065782, 0.15901558, 0.22974395, 0.20683371, 0.18662230, 0.09712664],
    [0.18541564, 0.14928391, 0.11820370, 0.14145892, 0.22758133, 0.17805650],
    [0.20348675, 0.13709635, 0.19950796, 0.11973708, 0.21646012, 0.12371173],
    [0.16382877, 0.14567321, 0.20891424, 0.17062505, 0.13543788, 0.17552085],
    [0.19457896, 0.21021208, 0.13854420, 0.16183913, 0.17692410, 0.11790153]
])

Pa42 = np.array([
    [0.21950967, 0.18878493, 0.13529407, 0.19868784, 0.14420195, 0.11352154],
    [0.15321894, 0.19987710, 0.12329814, 0.20390876, 0.15247393, 0.16722313],
    [0.12634519, 0.16247501, 0.15709845, 0.13080561, 0.19873212, 0.22454362],
    [0.16826710, 0.18021139, 0.21459841, 0.15529001, 0.10971519, 0.17191790],
    [0.14209656, 0.14143835, 0.17864823, 0.14743918, 0.16750408, 0.22287360],
    [0.19056254, 0.12764522, 0.19033557, 0.16348461, 0.22737274, 0.10059933]
])

sampleMDP2 = [Pa12,Pa22,Pa32,Pa42]




Pa13 = np.zeros(shape = (n_states,n_states))

Pa13[0][1] = 1.0
Pa13[1][2] = 1.0
Pa13[2][3] = 1.0
Pa13[3][0] = 1.0

Pa13[4][5] = 1.0
Pa13[5][4] = 1.0

Pa23 = np.zeros(shape = (n_states,n_states))

Pa23[0][3] = 1.0
Pa23[3][2] = 1.0
Pa23[2][1] = 1.0
Pa23[1][0] = 1.0

Pa23[4][4] = 1.0
Pa23[5][5] = 1.0


sampleMDP3 = [Pa11,Pa21,Pa31,Pa41]